Bacteroides:0.30212038878660724
Prevotella:0.08147401775318187
Eubacterium:0.08024784473485147
Ruminococcus:0.062068169257619855
Faecalibacterium:0.059365900913537675
Bifidobacterium:0.049753396855561925
Subdoligranulum:0.048445413875272944
Parabacteroides:0.042807305111149
Roseburia:0.035123581355443835
Alistipes:0.03045725541787622
Escherichia:0.024174856661948508
Streptococcus:0.023295343833390953
Megamonas:0.022800770907490584
Clostridium:0.01944105682880428
Phascolarctobacterium:0.013534021701486917
Veillonella:0.011847269499458014
Klebsiella:0.010418338888690518
Sutterella:0.009481899772991461
Dialister:0.009402869282692431
Haemophilus:0.009195989441876043
Fusobacterium:0.008854155041025807
Dorea:0.008594116218262504
Lachnospiraceae:0.008473628448620256
Collinsella:0.007877257478949639
Barnesiella:0.007444724306545573
Acidaminococcus:0.006782685040239459
Akkermansia:0.006517742586424993
