Bacteroides:0.3333333333333333
Bifidobacterium:0.3333333333333333
Faecalibacterium:0.3333333333333333
