Bacteroides:0.33333333333333337
Faecalibacterium:0.33333333333333337
Bifidobacterium:0.33333333333333337
