Bacteroides:0.4575100243519749
Parabacteroides:0.19044232704944075
Bifidobacterium:0.15826238627296865
Clostridium:0.07371350438110734
Veillonella:0.06839061908141178
Ruminococcus:0.051681138863096596
