Prevotella:0.5588152722139131
Bacteroides:0.08178242443964603
Subdoligranulum:0.06861649062679173
Eubacterium:0.06439719768243998
Phascolarctobacterium:0.052564774605373045
Faecalibacterium:0.0376692737346583
Paraprevotella:0.03475549186166243
Haemophilus:0.02463318569388138
Dorea:0.023263873860443048
Parabacteroides:0.018524022269351428
Collinsella:0.017528431147809907
Roseburia:0.01744956186402957
