Bacteroides:0.512747687463309
Fusobacterium:0.3145646614128609
Megamonas:0.05917153285846599
Clostridium:0.037451235231049755
Roseburia:0.027680573189277597
Ruminococcus:0.024306024347236273
Sutterella:0.024078285497800417
