Bacteroides:0.47575787412713283
Prevotella:0.1282995352896501
Eubacterium:0.12636864452502516
Ruminococcus:0.0977405741319412
Faecalibacterium:0.09348523258460321
Bifidobacterium:0.07834813934164729
