Bacteroides:0.2990156196511213
Prevotella:0.09081154615293358
Ruminococcus:0.07402152490284053
Eubacterium:0.07114862178545336
Faecalibacterium:0.04900160719753263
Subdoligranulum:0.04772812016273984
Parabacteroides:0.047056359641174744
Alistipes:0.03737948420571696
Bifidobacterium:0.03507149252011061
Roseburia:0.03200358662867429
Megamonas:0.029243328215100454
Escherichia:0.027418662000941292
Clostridium:0.019426798598548106
Streptococcus:0.019386661337026392
Phascolarctobacterium:0.014651029669575997
Veillonella:0.013396118296211098
Fusobacterium:0.010413276691478644
Sutterella:0.010383858921028988
Collinsella:0.010092221707177874
Lachnospiraceae:0.009635379796961958
Dorea:0.00859165006133839
Barnesiella:0.007788750600514228
Haemophilus:0.007207752268503439
Coprococcus:0.006136054144913853
Klebsiella:0.006079702575448832
Dialister:0.006063258358849827
Odoribacter:0.0054629620690511485
Paraprevotella:0.0053845718390317324
