Bacteroides:0.47575787412713294
Prevotella:0.1282995352896501
Eubacterium:0.12636864452502522
Ruminococcus:0.09774057413194122
Faecalibacterium:0.09348523258460323
Bifidobacterium:0.0783481393416473
