Bacteroides:0.36822951817876365
Megamonas:0.26638083708389865
Brachyspira:0.11631139899636986
Fusobacterium:0.06593672522016451
Ruminococcus:0.04738627655278448
Clostridium:0.035995017585151404
Parabacteroides:0.03159703952610611
Eubacterium:0.025305275931753322
Lachnospiraceae:0.022824799994591333
Subdoligranulum:0.020033110930416716
