Ruminococcus:0.34930170355973134
Bacteroides:0.2801934528902608
Lachnospiraceae:0.0618210829679953
Clostridium:0.06013839868318874
Alistipes:0.04990220214702479
Bifidobacterium:0.041172566602134184
Subdoligranulum:0.03739649169201871
Parabacteroides:0.034039307487886604
Veillonella:0.029869426420534802
Fusobacterium:0.024750690409688077
Escherichia:0.016803884108534464
Anaerostipes:0.014610793031002163
