Bacteroides:0.7876037388341561
Prevotella:0.21239626116584384
