Bacteroides:0.2990156196511216
Prevotella:0.09081154615293364
Ruminococcus:0.07402152490284054
Eubacterium:0.07114862178545336
Faecalibacterium:0.04900160719753261
Subdoligranulum:0.04772812016273981
Parabacteroides:0.04705635964117477
Alistipes:0.03737948420571698
Bifidobacterium:0.03507149252011065
Roseburia:0.03200358662867428
Megamonas:0.029243328215100464
Escherichia:0.027418662000941223
Clostridium:0.019426798598548106
Streptococcus:0.01938666133702635
Phascolarctobacterium:0.014651029669575912
Veillonella:0.013396118296211078
Fusobacterium:0.010413276691478637
Sutterella:0.010383858921028968
Collinsella:0.010092221707177839
Lachnospiraceae:0.009635379796961963
Dorea:0.008591650061338347
Barnesiella:0.00778875060051414
Haemophilus:0.007207752268503445
Coprococcus:0.006136054144913792
Klebsiella:0.00607970257544882
Dialister:0.006063258358849812
Odoribacter:0.005462962069051097
Paraprevotella:0.005384571839031642
