Bacteroides:0.29901561965112167
Prevotella:0.09081154615293366
Ruminococcus:0.07402152490284056
Eubacterium:0.07114862178545338
Faecalibacterium:0.04900160719753262
Subdoligranulum:0.047728120162739814
Parabacteroides:0.04705635964117478
Alistipes:0.03737948420571699
Bifidobacterium:0.03507149252011065
Roseburia:0.03200358662867428
Megamonas:0.029243328215100468
Escherichia:0.027418662000941226
Clostridium:0.01942679859854811
Streptococcus:0.01938666133702635
Phascolarctobacterium:0.014651029669575913
Veillonella:0.01339611829621108
Fusobacterium:0.010413276691478639
Sutterella:0.010383858921028968
Collinsella:0.010092221707177839
Lachnospiraceae:0.009635379796961965
Dorea:0.008591650061338349
Barnesiella:0.007788750600514141
Haemophilus:0.007207752268503446
Coprococcus:0.006136054144913793
Klebsiella:0.006079702575448821
Dialister:0.006063258358849813
Odoribacter:0.005462962069051098
Paraprevotella:0.005384571839031643
