Bacteroides:0.3156552944043764
Prevotella:0.09586504333675328
Ruminococcus:0.07814068797719878
Eubacterium:0.07510791303262507
Faecalibacterium:0.051728457410591906
Subdoligranulum:0.050384103141217315
Parabacteroides:0.04967496036984212
Alistipes:0.03945958443711381
Bifidobacterium:0.03702315721684705
Roseburia:0.033784527948930734
Megamonas:0.030870666180821797
Escherichia:0.0289444606143964
Clostridium:0.020507864566118614
Streptococcus:0.020465493739079535
Phascolarctobacterium:0.015466332792491376
Veillonella:0.014141587886278542
Fusobacterium:0.010992756577726815
Sutterella:0.010961701761918729
Collinsella:0.01065383546816172
Lachnospiraceae:0.010171571137509985
