Bacteroides:0.2903612982618832
Prevotella:0.07830289661825802
Eubacterium:0.07712444854685827
Ruminococcus:0.059652360036879834
Faecalibacterium:0.057055269030241836
Bifidobacterium:0.04781690160647669
Subdoligranulum:0.04655982776983005
Parabacteroides:0.041141164742592065
Roseburia:0.033756505884735125
Alistipes:0.029271802079119946
Escherichia:0.023233926031441254
Streptococcus:0.022388645486941722
Megamonas:0.021913322264214708
Clostridium:0.01868437454044776
Phascolarctobacterium:0.013007252266989167
Veillonella:0.01138615161504638
Klebsiella:0.010012837655882687
Sutterella:0.009112846501794595
Dialister:0.009036892025972403
Haemophilus:0.008838064335445093
Fusobacterium:0.008509534768737951
Dorea:0.00825961714325335
Lachnospiraceae:0.008143818982928826
Collinsella:0.007570659886666847
Barnesiella:0.007154961714209864
Acidaminococcus:0.006518690254223306
Akkermansia:0.0062640598561782
Coprococcus:0.006075064299725445
Megasphaera:0.006028938815890891
Paraprevotella:0.005493394890076879
Odoribacter:0.004050247245197611
Bilophila:0.0034974143439010902
Lactobacillus:0.00230804000755286
Coprobacillus:0.001989964249430229
Eggerthella:0.0017234069710219283
Mitsuokella:0.001599659996655659
Enterobacter:0.0011759589338261175
Catenibacterium:0.0011587492431895524
Anaerostipes:0.0011217927468463215
Enterococcus:0.0010472491346929166
Flavonifractor:0.0009719545527423197
Citrobacter:0.0006800346620010332
