Bacteroides:0.28758322432308553
Prevotella:0.08733950848084869
Ruminococcus:0.07119142747695799
Eubacterium:0.0684283653244523
Faecalibacterium:0.047128107258482835
Subdoligranulum:0.045903310012015704
Parabacteroides:0.045257233205091535
Alistipes:0.035950337992230116
Bifidobacterium:0.0337305887649758
Roseburia:0.030779979465005273
Megamonas:0.028125255221948454
Escherichia:0.026370352271415175
Clostridium:0.01868404528754762
Streptococcus:0.018645442611549018
Phascolarctobacterium:0.01409087042658795
Veillonella:0.012883938630138448
Fusobacterium:0.01001514131669085
Sutterella:0.009986848288760808
Collinsella:0.009706361368412762
Lachnospiraceae:0.009266986095311316
Dorea:0.008263161736427589
Barnesiella:0.007490959882823805
Haemophilus:0.00693217511485434
Coprococcus:0.005901451695648042
Klebsiella:0.005847254640452982
Dialister:0.0058314391427992905
Odoribacter:0.005254094244325718
Paraprevotella:0.005178701142350926
Akkermansia:0.004937509735834155
Megasphaera:0.0038627376772929507
Acidaminococcus:0.0038329926381603973
Bilophila:0.0036469868706079044
Lactococcus:0.0034665652654274873
Raoultella:0.002969205362223935
Enterobacter:0.002188304339981789
Coprobacillus:0.0019494770583036159
Lactobacillus:0.0017872369182692974
Catenibacterium:0.0015664344761633494
Mitsuokella:0.0015531461782104664
Eggerthella:0.0015042799204885665
Flavonifractor:0.001232090470248247
Brachyspira:0.001108863918012224
Enterococcus:0.0010572696113241944
Citrobacter:0.0007983988628246276
Anaerostipes:0.0007719392754358151
