Prevotella:0.6409816450938608
Faecalibacterium:0.07089023592871369
Bacteroides:0.05855019984966003
Eubacterium:0.054308464683130636
Subdoligranulum:0.04107916062930986
Parabacteroides:0.035239242420359314
Paraprevotella:0.018931230578703023
Dorea:0.01664891378410899
Ruminococcus:0.015967109899203587
Bifidobacterium:0.01447408859299104
Roseburia:0.01168820275945243
Catenibacterium:0.010751596117932798
Sutterella:0.010489909662573797
