Prevotella:0.17773230122680161
Eubacterium:0.14361827850781553
Subdoligranulum:0.11577553381010938
Megamonas:0.10168192807732172
Bacteroides:0.09823989716200937
Faecalibacterium:0.06203281167255068
Bifidobacterium:0.05882587458013498
Ruminococcus:0.05431205208641285
Roseburia:0.04724594811208269
Megasphaera:0.0271762763859593
Collinsella:0.025608140469033796
Streptococcus:0.024751297841302915
Parabacteroides:0.023056702752707138
Dorea:0.015380451732411548
Clostridium:0.013548112124882177
Acidaminococcus:0.01101439345846428
