Bacteroides:0.6446404304719021
Prevotella:0.19577838198602815
Ruminococcus:0.15958118754206968
