Bacteroides:0.20086947220537738
Faecalibacterium:0.15914372357120243
Roseburia:0.11904343909889736
Streptococcus:0.08712931625256236
Ruminococcus:0.07664364693880918
Veillonella:0.06225379834083902
Eubacterium:0.05874939363948992
Bifidobacterium:0.047807145311523004
Subdoligranulum:0.045975791880567496
Haemophilus:0.042665915562034834
Alistipes:0.03772039315525894
Parabacteroides:0.021875172154939337
Barnesiella:0.020829006014624674
Lachnospiraceae:0.009858355470984832
Dorea:0.00943543040288918
