Ruminococcus:0.2674040168145726
Streptococcus:0.249692440519157
Lactobacillus:0.1615631324926047
Bifidobacterium:0.11914704258842511
Veillonella:0.05306497954793144
Faecalibacterium:0.05288777546600993
Bacteroides:0.04693258601899424
Parabacteroides:0.035406054944588344
Megasphaera:0.013901971607716588
