Bacteroides:0.4733304113765339
Prevotella:0.14375124131795824
Ruminococcus:0.11717327300111992
Eubacterium:0.1126255760748376
Faecalibacterium:0.07756769000890712
Subdoligranulum:0.07555180822064317
