Bacteroides:0.4840156117281495
Subdoligranulum:0.20139118560968527
Faecalibacterium:0.08156429085982775
Ruminococcus:0.05651219800660165
Parabacteroides:0.0497918436246734
Eubacterium:0.04951261732987839
Roseburia:0.03993172556904319
Alistipes:0.037280527272140804
