Bacteroides:0.556449975310657
Klebsiella:0.10589151374097153
Parabacteroides:0.07862952734917213
Fusobacterium:0.07724082485676513
Sutterella:0.05394836627955349
Dialister:0.05389406778895589
Bifidobacterium:0.02046670562131765
Collinsella:0.020420270317225382
Ruminococcus:0.018689412952559586
Roseburia:0.01436933578282219
