Prevotella:0.3015804019185792
Bacteroides:0.1616257480476883
Streptococcus:0.13987867248381622
Escherichia:0.0723761522522687
Phascolarctobacterium:0.061935325736579415
Faecalibacterium:0.035829761023778675
Roseburia:0.03350243473882136
Ruminococcus:0.030620608316824234
Veillonella:0.02796705403326148
Eubacterium:0.027826133158528766
Parabacteroides:0.0274900658436115
Dorea:0.02379179481920639
Collinsella:0.020051105408923627
Alistipes:0.019422263770861127
Klebsiella:0.016102478447250934
