Bacteroides:0.4175245973464634
Prevotella:0.12680292182111497
Ruminococcus:0.10335850487037868
Eubacterium:0.09934698293482888
Faecalibacterium:0.0684224333777296
Subdoligranulum:0.06664422472746517
Parabacteroides:0.06570622509518186
Alistipes:0.052194109826837407
