Bacteroides:0.31565529440437645
Prevotella:0.09586504333675325
Ruminococcus:0.07814068797719878
Eubacterium:0.07510791303262508
Faecalibacterium:0.051728457410591906
Subdoligranulum:0.050384103141217315
Parabacteroides:0.04967496036984211
Alistipes:0.039459584437113816
Bifidobacterium:0.03702315721684705
Roseburia:0.033784527948930734
Megamonas:0.030870666180821797
Escherichia:0.028944460614396397
Clostridium:0.020507864566118614
Streptococcus:0.020465493739079528
Phascolarctobacterium:0.015466332792491376
Veillonella:0.01414158788627854
Fusobacterium:0.010992756577726815
Sutterella:0.010961701761918729
Collinsella:0.01065383546816172
Lachnospiraceae:0.010171571137509983
