Bacteroides:0.2990156196511216
Prevotella:0.09081154615293363
Ruminococcus:0.07402152490284053
Eubacterium:0.07114862178545335
Faecalibacterium:0.049001607197532604
Subdoligranulum:0.047728120162739904
Parabacteroides:0.047056359641174765
Alistipes:0.037379484205716976
Bifidobacterium:0.035071492520110645
Roseburia:0.03200358662867427
Megamonas:0.02924332821510046
Escherichia:0.027418662000941327
Clostridium:0.019426798598548102
Streptococcus:0.019386661337026347
Phascolarctobacterium:0.01465102966957591
Veillonella:0.013396118296211078
Fusobacterium:0.010413276691478636
Sutterella:0.010383858921028966
Collinsella:0.010092221707177837
Lachnospiraceae:0.009635379796961963
Dorea:0.008591650061338345
Barnesiella:0.007788750600514139
Haemophilus:0.007207752268503444
Coprococcus:0.006136054144913791
Klebsiella:0.006079702575448819
Dialister:0.006063258358849811
Odoribacter:0.005462962069051097
Paraprevotella:0.005384571839031642
