Bacteroides:0.416007587965731
Megasphaera:0.1532724694897713
Bifidobacterium:0.14161626090947924
Alistipes:0.05546995770152933
Lactobacillus:0.044619328098078684
Streptococcus:0.033607625170801965
Eubacterium:0.033513869241376504
Sutterella:0.030475030396351865
Dialister:0.027685711861802704
Faecalibacterium:0.022928262061307464
Roseburia:0.021097207697839612
Subdoligranulum:0.019706689405930365
