Bacteroides:0.41598195588322484
Prevotella:0.11217952351627453
Eubacterium:0.11049123676255727
Ruminococcus:0.08546009936493337
Faecalibacterium:0.08173941412549204
Bifidobacterium:0.06850419933237037
Subdoligranulum:0.0667032705020196
Parabacteroides:0.058940300513128124
