Bacteroides:0.2954586843785115
Subdoligranulum:0.14819928990836337
Bifidobacterium:0.12793930985001556
Faecalibacterium:0.11025971627987952
Eubacterium:0.10655289022067707
Roseburia:0.06603852220750925
Acidaminococcus:0.03193787489514806
Parabacteroides:0.027223415087073273
Alistipes:0.023341123590763534
Ruminococcus:0.02276935738289555
Paraprevotella:0.01604617178308969
Haemophilus:0.013133002379281783
Veillonella:0.01110064203679182
