Bacteroides:0.7670466449775856
Prevotella:0.23295335502241438
