Bacteroides:0.2875832243230856
Prevotella:0.0873395084808487
Ruminococcus:0.071191427476958
Eubacterium:0.06842836532445232
Faecalibacterium:0.04712810725848284
Subdoligranulum:0.04590331001201571
Parabacteroides:0.045257233205091535
Alistipes:0.03595033799223012
Bifidobacterium:0.033730588764975804
Roseburia:0.030779979465005276
Megamonas:0.028125255221948458
Escherichia:0.026370352271415175
Clostridium:0.018684045287547624
Streptococcus:0.01864544261154902
Phascolarctobacterium:0.014090870426587953
Veillonella:0.01288393863013845
Fusobacterium:0.01001514131669085
Sutterella:0.009986848288760808
Collinsella:0.009706361368412764
Lachnospiraceae:0.009266986095311316
Dorea:0.008263161736427589
Barnesiella:0.0074909598828238055
Haemophilus:0.00693217511485434
Coprococcus:0.005901451695648042
Klebsiella:0.005847254640452982
Dialister:0.005831439142799291
Odoribacter:0.005254094244325718
Paraprevotella:0.005178701142350927
Akkermansia:0.004937509735834155
Megasphaera:0.0038627376772929507
Acidaminococcus:0.0038329926381603977
Bilophila:0.003646986870607905
Lactococcus:0.0034665652654274877
Raoultella:0.0029692053622239352
Enterobacter:0.0021883043399817895
Coprobacillus:0.001949477058303616
Lactobacillus:0.0017872369182692976
Catenibacterium:0.0015664344761633496
Mitsuokella:0.0015531461782104666
Eggerthella:0.0015042799204885665
Flavonifractor:0.001232090470248247
Brachyspira:0.0011088639180122243
Enterococcus:0.0010572696113241946
Citrobacter:0.0007983988628246276
Anaerostipes:0.0007719392754358152
