Bacteroides:0.3560133782126971
Prevotella:0.10812186120693483
Ruminococcus:0.08813135973252069
Eubacterium:0.08471082957663066
Faecalibacterium:0.0583421954231005
Subdoligranulum:0.056825958840223546
Parabacteroides:0.05602614867341236
Alistipes:0.044504686622900136
Bifidobacterium:0.04175675018453538
Roseburia:0.0381040462163506
Megamonas:0.0348176328721146
Escherichia:0.03264515243857969
