Bacteroides:0.43622943101694095
Ruminococcus:0.16416485455734667
Alistipes:0.06785771822814579
Subdoligranulum:0.05632187431160968
Collinsella:0.042461637602388205
Roseburia:0.031673616900910716
Lachnospiraceae:0.03158389084220421
Akkermansia:0.02680847060660225
Faecalibacterium:0.025661970967574634
Parabacteroides:0.02173926646719765
Odoribacter:0.021535951036298857
Solobacterium:0.018653050648875312
Parvimonas:0.014808829935073759
Peptostreptococcus:0.014269837227808418
Coprobacillus:0.013449999835608285
Dorea:0.01277959981541462
