Bacteroides:0.3599527457739812
Prevotella:0.09706990156235348
Eubacterium:0.09560901258854193
Ruminococcus:0.07394935521953379
Faecalibacterium:0.07072981444581429
Bifidobacterium:0.059277269838254605
Subdoligranulum:0.05771891071171052
Parabacteroides:0.05100154635649574
Roseburia:0.041846992191042404
Alistipes:0.03628743084978455
Escherichia:0.02880244550561273
Streptococcus:0.02775457495687483
