Bacteroides:0.4159819558832248
Prevotella:0.11217952351627451
Eubacterium:0.11049123676255725
Ruminococcus:0.08546009936493336
Faecalibacterium:0.08173941412549203
Bifidobacterium:0.06850419933237036
Subdoligranulum:0.0667032705020196
Parabacteroides:0.05894030051312811
