Bacteroides:0.3195500240793143
Prevotella:0.0861743374534605
Eubacterium:0.08487742525529153
Ruminococcus:0.06564894564213074
Faecalibacterium:0.06279078066396329
Bifidobacterium:0.05262372138165109
Subdoligranulum:0.05124027952085733
Parabacteroides:0.045276902475787514
Roseburia:0.03714989681087488
Alistipes:0.03221436574095801
Escherichia:0.025569528953227883
Streptococcus:0.02463927612695425
Megamonas:0.024116170781382736
Clostridium:0.020562631349450716
Phascolarctobacterium:0.014314813303298068
Veillonella:0.012530750635634651
Klebsiella:0.011019383551432489
Sutterella:0.010028920302089133
Dialister:0.00994533046169648
Haemophilus:0.00972651551054438
