Bacteroides:0.3021203887866069
Prevotella:0.08147401775318185
Eubacterium:0.08024784473485139
Ruminococcus:0.06206816925761978
Faecalibacterium:0.05936590091353766
Bifidobacterium:0.049753396855561946
Subdoligranulum:0.04844541387527298
Parabacteroides:0.042807305111148955
Roseburia:0.03512358135544388
Alistipes:0.030457255417876257
Escherichia:0.024174856661948484
Streptococcus:0.02329534383339093
Megamonas:0.022800770907490633
Clostridium:0.019441056828804263
Phascolarctobacterium:0.01353402170148691
Veillonella:0.011847269499458097
Klebsiella:0.010418338888690554
Sutterella:0.009481899772991452
Dialister:0.009402869282692475
Haemophilus:0.009195989441876103
Fusobacterium:0.008854155041025833
Dorea:0.00859411621826257
Lachnospiraceae:0.008473628448620261
Collinsella:0.007877257478949677
Barnesiella:0.007444724306545575
Acidaminococcus:0.006782685040239554
Akkermansia:0.006517742586425025
