Bacteroides:0.3560133782126971
Prevotella:0.1081218612069348
Ruminococcus:0.08813135973252066
Eubacterium:0.08471082957663065
Faecalibacterium:0.05834219542310049
Subdoligranulum:0.05682595884022353
Parabacteroides:0.056026148673412345
Alistipes:0.044504686622900136
Bifidobacterium:0.04175675018453537
Roseburia:0.03810404621635059
Megamonas:0.0348176328721146
Escherichia:0.03264515243857969
