Bacteroides:0.264623766805926
Bifidobacterium:0.1371956822316349
Faecalibacterium:0.11037242679305977
Fusobacterium:0.0821009289322039
Ruminococcus:0.07209770706661808
Roseburia:0.052391303560853544
Escherichia:0.04841784679294477
Dialister:0.039489254450082056
Dorea:0.03182736848112568
Parasutterella:0.027647141621754683
Streptococcus:0.025688149390645773
Clostridium:0.019029023834352243
Eggerthella:0.016955573390925155
Lachnospiraceae:0.01564893973365201
Eubacterium:0.013826764993546688
Burkholderiales:0.01215418447512232
Porphyromonas:0.010429219360920708
Prevotella:0.007924128366109551
Coprobacillus:0.006468326378178024
Campylobacter:0.005712263340344209
