Prevotella:0.6294262111320924
Megamonas:0.15827875853459217
Subdoligranulum:0.08683602193356513
Collinsella:0.04921965655683412
Bacteroides:0.03430285126590132
Ruminococcus:0.02537221755486944
Bifidobacterium:0.01656428302214545
