Bacteroides:0.5744711969784491
Prevotella:0.15491995323219526
Eubacterium:0.1525884287549098
Ruminococcus:0.11802042103444584
