Bacteroides:0.21919205598073227
Ruminococcus:0.19385452670808606
Faecalibacterium:0.16593978114122293
Eubacterium:0.13736818080760652
Parabacteroides:0.09701622562054212
Subdoligranulum:0.05360865124555611
Bifidobacterium:0.0439278480686909
Barnesiella:0.021566731508399262
Alistipes:0.018972745800580244
Coprococcus:0.015045222573360384
Roseburia:0.011512677043875114
Dorea:0.011052520115913561
Clostridium:0.010942833385434529
