Prevotella:0.4440100402973254
Faecalibacterium:0.15445468278981808
Megamonas:0.14380325069664193
Eubacterium:0.0733285738482653
Roseburia:0.05971560229911623
Bacteroides:0.04299007526001722
Coprococcus:0.038549190755623665
Sutterella:0.024464069845179542
Collinsella:0.009504723340419794
Subdoligranulum:0.00917979086759292
