Bacteroides:0.3195500240793143
Prevotella:0.0861743374534605
Eubacterium:0.08487742525529152
Ruminococcus:0.06564894564213074
Faecalibacterium:0.06279078066396329
Bifidobacterium:0.052623721381651084
Subdoligranulum:0.051240279520857336
Parabacteroides:0.0452769024757875
Roseburia:0.03714989681087488
Alistipes:0.03221436574095802
Escherichia:0.025569528953227887
Streptococcus:0.024639276126954244
Megamonas:0.024116170781382736
Clostridium:0.020562631349450716
Phascolarctobacterium:0.01431481330329807
Veillonella:0.012530750635634648
Klebsiella:0.011019383551432487
Sutterella:0.010028920302089133
Dialister:0.009945330461696482
Haemophilus:0.009726515510544376
