Bacteroides:0.7670466449775856
Prevotella:0.2329533550224144
