Bacteroides:0.5069731613930571
Roseburia:0.13681076176677154
Ruminococcus:0.07048832088517668
Clostridium:0.04298287537854228
Parabacteroides:0.04103252631590303
Enterobacter:0.03256385996066505
Alistipes:0.031120032020334205
Streptococcus:0.028533591682480843
Eubacterium:0.02781237896626537
Subdoligranulum:0.02407868716629752
Odoribacter:0.020738452774861877
Cetobacterium:0.020623339241847383
Haemophilus:0.016242012447797036
